DTLZ5
[0.011  0.0142 0.021  0.0217 0.0258]
[4 3 0 2 1]
[1 2 0 3 4]

[0.0276 0.0305 0.0414 0.0516 0.0599 0.061  0.064  0.0719 0.073  0.0735]
[9 8 7 6 1 0 2 3 4 5]
[5 4 3 2 0 1 6 7 8 9]

[0.035  0.0414 0.0532 0.0585 0.0594 0.0701 0.0808 0.0845 0.0922 0.0947
 0.1048 0.1068 0.1097 0.117  0.15  ]
[14 13 12 10 11  9  2  4  6  7  1  3  0  5  8]
[ 8  5  0  3  1  7  6  4  2  9 11 10 12 13 14]

[0.0423 0.0504 0.0728 0.0732 0.0745 0.0769 0.0892 0.0913 0.0921 0.0984
 0.1041 0.1048 0.1095 0.1098 0.1124 0.1131 0.1147 0.1151 0.1186 0.1188]
[19 18 15 14 17 13 11 16  0  4 10  9  8  5  7  2 12  6  1  3]
[ 3  1  6 12  2  7  5  8  9 10  4  0 16 11 13 17 14 15 18 19]

[0.0459 0.046  0.0625 0.0821 0.0827 0.0916 0.0995 0.1027 0.1029 0.1041
 0.1072 0.109  0.1094 0.1116 0.1123 0.1155 0.1191 0.12   0.1292 0.1306
 0.1314 0.1321 0.1327 0.1333 0.1339 0.1345 0.1367 0.1367 0.1438 0.1442]
[29 28 27 24 26 25  4 12 10 17 23 13  5 14  8  6 18  7  2 15  9 11  3 22
 19 21  1 20 16  0]
[ 0 16 20  1 21 19 22  3 11  9 15  2  7 18  6  8 14  5 13 23 17 10 12  4
 25 26 24 27 28 29]



meu:
IGD+ [0.0025417  0.00190813 0.0021682  0.00196652 0.00182009 0.00192623
 0.00200082 0.00200834 0.00196007 0.00225301 0.00220642 0.0025494
 0.00206318 0.00239734 0.00184553 0.00224053 0.00216752 0.00180575
 0.00217047 0.00186928 0.00162295]
IGD+ mean 0.002071023113513153

IGD+ [0.0025417  0.00190813 0.0021682  0.00196652 0.00182009 0.00192623
 0.00200082 0.00200834 0.00196007 0.00225301 0.00220642 0.0025494
 0.00206318 0.00239734 0.00184553 0.00224053 0.00216752 0.00180575
 0.00217047 0.00186928 0.00162295]
IGD+ mean 0.002071023113513153

fora de sequência:
IGD+ [0.00189332 0.00214054 0.00182851 0.00203908 0.00273572 0.00204192
 0.00209384 0.00198755 0.00234879 0.00249312 0.00191706 0.00153498
 0.00236938 0.00197177 0.00215891 0.00208949 0.00208512 0.00194195
 0.00204353 0.00201675 0.00193505]
IGD+ mean 0.00207935172229366
