DTLZ6
[0.0115 0.0135 0.0205 0.0287 0.03  ]
[4 3 2 1 0]
[0 1 2 3 4]

[0.0233 0.0265 0.0412 0.056  0.0918 0.1289 0.1514 0.1774 0.2056 0.2177]
[9 8 7 6 5 4 3 0 1 2]
[2 1 0 3 4 5 6 7 8 9]

[0.0237 0.0267 0.0376 0.0632 0.0999 0.1181 0.1836 0.2203 0.2353 0.2831
 0.2893 0.3113 0.3141 0.3659 0.3736]
[14 13 12 11 10  9  8  6  7  4  2  0  5  3  1]
[ 1  3  5  0  2  4  7  6  8  9 10 11 12 13 14]

[0.0223 0.0278 0.0417 0.0647 0.108  0.1646 0.1726 0.2091 0.2692 0.2754
 0.3052 0.311  0.3121 0.3684 0.3729 0.3751 0.3829 0.4098 0.42   0.4477]
[19 18 17 16 15 14 13 12 10  7 11  5  8  9  4  6  0  1  3  2]
[ 2  3  1  0  6  4  9  8  5 11  7 10 12 13 14 15 16 17 18 19]

[0.0256 0.0295 0.0401 0.0773 0.1182 0.1647 0.1742 0.1837 0.2483 0.2875
 0.2909 0.3363 0.3428 0.3479 0.3546 0.3574 0.366  0.3837 0.3903 0.3915
 0.3977 0.4002 0.4052 0.4062 0.4203 0.4298 0.4367 0.4727 0.4747 0.5384]
[29 28 27 26 25 23 24 22 20 21 17 18 19 16  3  8  1 13  6  9  2  5 14 11
  4  7 12 10 15  0]
[ 0 15 10 12  7  4 11 14  5  2  9  6 13  1  8  3 16 19 18 17 21 20 22 24
 23 25 26 27 28 29]


meu:
IGD+ [0.26850843 0.27625966 0.27793592 0.26572933 0.25201641 0.25970018
 0.28544323 0.28598677 0.24794637 0.26851808 0.28269517 0.29458065
 0.30406696 0.25211276 0.24313012 0.25597005 0.25968879 0.28874695
 0.28332916 0.27150699 0.28522653]
IGD+ mean 0.271861833576638

pymoo:
IGD+ [0.26850843 0.27625966 0.27793592 0.26572933 0.25201641 0.25970018
 0.28544323 0.28598677 0.24794637 0.26851808 0.28269517 0.29458065
 0.30406696 0.25211276 0.24313012 0.25597005 0.25968879 0.28874695
 0.28332916 0.27150699 0.28522653]
IGD+ mean 0.271861833576638

fora de sequência:
IGD+ [0.26770866 0.28783233 0.26355777 0.28361634 0.27268686 0.30241122
 0.29293199 0.29033238 0.26441689 0.29049497 0.28785323 0.28910098
 0.26878969 0.27911455 0.28661065 0.2873622  0.27565119 0.27903341
 0.27189698 0.26710299 0.26142878]
IGD+ mean 0.27952066961476996

