DTLZ1

[0.0137 0.0211 0.0383 0.0441 0.0657]
[4 3 2 1 0]
[0 1 2 3 4]

[0.0252 0.0338 0.0472 0.0691 0.0946 0.1247 0.2054 0.3142 0.3441 0.6131]
[9 8 7 6 5 3 4 2 0 1]
[1 0 2 4 3 5 6 7 8 9]

[0.0253 0.0321 0.0516 0.1026 0.1849 0.2128 0.2174 0.2372 0.2395 0.2456
 0.2697 0.3763 0.4074 0.421  0.4474]
[14 13 12 11  8 10  9  6  2  5  7  4  1  3  0]
[ 0  3  1  4  7  5  2  6  9 10  8 11 12 13 14]

[0.0227 0.0286 0.0612 0.0717 0.125  0.1706 0.2579 0.2849 0.2982 0.3334
 0.3425 0.376  0.4386 0.4405 0.4452 0.4514 0.5052 0.5228 0.5591 0.6319]
[19 18 16 17 14 15 13 10  9 11 12  2  7  4  1  8  0  6  5  3]
[ 3  5  6  0  8  1  4   7  2 12 11  9 10 13 15 14 17 16 18 19]

[0.0287 0.0319 0.061  0.0817 0.1548 0.1763 0.1841 0.2097 0.2214 0.2398
 0.2401 0.2573 0.2964 0.3161 0.3265 0.3831 0.3844 0.3945 0.412  0.4158
 0.4158 0.4257 0.4351 0.4418 0.4506 0.4604 0.4612 0.4885 0.5106 0.592 ]
[29 28 27 26  8 24 22 25  0  3 
 21 10 23  7 13 18 20 19  4 15 
 16  5  6  2 14  9 12 17 11  1]
[ 1 11 17 12  9 14  2  6  5 16 15  4 19 20 18 13  7 23 10 21  3  0 25 22
 24  8 26 27 28 29]

===================================================================================
Elim 5obj

pymoo:
IGD+ [0.18304296]
IGD+ mean 0.18304295611151059

[4, 3, 2, 1, 0]
IGD+ [0.33138519]
IGD+ mean 0.33138519004737105
