DTLZ7
[0.0342 0.035  0.0353 0.0379 0.1303]
[0 2 3 1 4]
[4 1 3 2 0]

[0.1373 0.1375 0.1396 0.1399 0.1437 0.144  0.146  0.1468 0.1491 0.4627]
[5 0 4 1 6 2 3 8 7 9]
[9 7 8 3 2 6 1 4 0 5]

[0.2255 0.2265 0.2292 0.2295 0.2299 0.2306 0.2316 0.2321 0.2342 0.2353
 0.2354 0.2368 0.2383 0.2436 0.5476]
[ 1  6 10  9  5  4  3  7 13  0 11 12  8  2 14]
[14  2  8 12 11  0 13  7  3  4  5  9 10  6  1]

[0.2769 0.277  0.2776 0.2811 0.2823 0.2881 0.2882 0.2889 0.2894 0.2902
 0.2912 0.2913 0.2929 0.293  0.2953 0.2973 0.298  0.2986 0.3002 0.6049]
[18 16 10  7  9 13  6 11  4  8  3 17  0 14  1  5 12 15  2 19]
[19  2 15 12  5  1 14  0 17  3  8  4 11  6 13  9  7 10 16 18]

[0.3142 0.3205 0.3217 0.3224 0.323  0.323  0.3239 0.3257 0.3261 0.3269
 0.3282 0.3292 0.3303 0.3304 0.3307 0.3307 0.3309 0.331  0.3324 0.3329
 0.333  0.3333 0.3338 0.3339 0.3351 0.3357 0.3361 0.3396 0.3448 0.5753]
[25  6  9  2  8 13 11 14  1 22 19 10  7 28 21 20 27 17 26  4  5 18 12 23
  0 24 16  3 15 29]
[29 15  3 16 24  0 23 12 18  5  4 26 17 27 20 21 28  7 10 19 22  1 14 11
 13  8  2  9  6 25]

===================================================================================
meu:
IGD+ [0.01803734 0.01813954 0.01792795 0.01830514 0.01749482 0.01767437
 0.01797043 0.01834359 0.01873134 0.01823485 0.01795678 0.0180122
 0.01775206 0.018224   0.01819983 0.01803883 0.01784862 0.01843367
 0.01794128 0.01809218 0.0175388 ]
IGD+ mean 0.018042743497111484

pymoo:
IGD+ [0.01823991 0.01769373 0.01755938 0.01777431 0.01791138 0.01766923
 0.01789987 0.01801695 0.01796941 0.0176613  0.0177812  0.01701038
 0.01733031 0.01865135 0.01797612 0.21856094 0.017794   0.01821552
 0.01835007 0.01863644 0.01836804]
IGD+ mean 0.02747951576992615

pymoo:
IGD+ [0.01823991 0.01769373 0.01755938 0.01777431 0.01791138 0.01766923
 0.01789987 0.01801695 0.01796941 0.0176613  0.0177812  0.01701038
 0.01733031 0.01865135 0.01797612 0.21856094 0.017794   0.01821552
 0.01835007 0.01863644 0.01836804]
IGD+ mean 0.02747951576992615

orig:
HV [49.24529418]
HV mean 49.24529418237744

meu: [2, 1, 0]
HV [49.33182891]
HV mean 49.331828907604724

meu: [0, 1, 2]
HV [49.24529418]
HV mean 49.24529418237744

meu: [1, 2, 0]
HV [49.57370688]
HV mean 49.573706877801385

===================================================================================

