DTLZ2

[0.0264 0.0265 0.031  0.0334 0.043 ]
[4 3 2 0 1]
[1 0 2 3 4]

[0.0361 0.0391 0.046  0.0595 0.0911 0.1276 0.2023 0.3052 0.3064 0.3066]
[9 8 7 6 5 4 3 1 2 0]
[0 2 1 3 4 5 6 7 8 9]

[0.0374 0.0421 0.0497 0.0714 0.1034 0.1492 0.1585 0.2848 0.3292 0.3466
 0.3476 0.3823 0.409  0.4429 0.5005]
[13 14 12 11 10  9  8  5  4  7  6  3  1  0  2]
[ 2  0  1  3  6  7  4  5  8  9 10 11 12 14 13]

[0.0375 0.0403 0.0589 0.0865 0.0947 0.1664 0.2039 0.2524 0.3021 0.3423
 0.3798 0.3901 0.3991 0.4004 0.4026 0.4066 0.4194 0.442  0.4467 0.4807]
[18 19 17 16 15 14 12 13 11 10  9  6  7  8  5  0  2  3  4  1]
[ 1  4  3  2  0  5  8  7  6  9 10 11 13 12 14 15 16 17 19 18]

[0.0364 0.0391 0.0513 0.0782 0.0919 0.1791 0.2035 0.2823 0.3083 0.329
 0.3669 0.3694 0.3882 0.3884 0.3949 0.3983 0.4095 0.4215 0.4281 0.4308
 0.4319 0.4333 0.4398 0.4472 0.4475 0.4693 0.4756 0.4792 0.4881 0.4927]
[29 28 27 26 25 24 23 22 20 21 16  8  0 12 15  9  6 19 11 17 13  2  7  5
  1 10 14 18  4  3]
[ 3  4 18 14 10  1  5  7  2 13 17 11 19  6  9 15 12  0  8 16 21 20 22 23
 24 25 26 27 28 29]



