DTLZ4
[0.0091 0.0132 0.0153 0.0181 0.0204]
[1 4 3 0 2]
[2 0 3 4 1]

[0.0151 0.0201 0.0235 0.0257 0.0258 0.0305 0.0318 0.032  0.0333 0.045 ]
[7 5 8 3 9 4 6 0 1 2]
[2 1 0 6 4 9 3 8 5 7]

[0.014  0.0145 0.0192 0.0198 0.024  0.0253 0.0261 0.0274 0.036  0.0374
 0.0381 0.0433 0.0438 0.0443 0.0689]
[ 6 11  7  2  4  5 13  3  0  8 10  9  1 14 12]
[12 14  1  9 10  8  0  3 13  5  4  2  7 11  6]

[0.0282 0.0297 0.0319 0.0335 0.0338 0.0347 0.0353 0.0371 0.0399 0.0404
 0.0405 0.0408 0.0434 0.0445 0.0464 0.0465 0.0489 0.0527 0.0593 0.0882]
[ 2  6  3  5 14  7 18 11  8 19  0 16 12  9  1 17 15  4 13 10]
[10 13  4 15 17  1  9 12 16  0 19  8 11 18  7 14  5  3  6  2]

[0.0295 0.0408 0.042  0.0422 0.0441 0.0447 0.0469 0.0494 0.0505 0.051
 0.0521 0.0563 0.0571 0.0572 0.0594 0.0608 0.0618 0.0622 0.0649 0.0661
 0.0671 0.0671 0.0713 0.0726 0.0776 0.0809 0.0821 0.0982 0.0994 0.1603]
[ 6 26  1 19  2  8 15 21 24  5  4  0 11 18  9 29 27 22 10 23  7 13 12 17
 16  3 14 20 25 28]
[28 25 20 14  3 16 17 12 13  7 23 10 22 27 29  9 18 11  0  4  5 24 21 15
  8  2 19  1 26  6]


orig
IGD+ [0.02366833 0.02109548 0.02192036 0.02177314 0.0195149  0.02212589
 0.02108038 0.0185957  0.02267715 0.01945239 0.02309517 0.02130839
 0.02100891 0.02184626 0.0196491  0.0200005  0.02084418 0.02149536
 0.01776414 0.0193563  0.01829357]
IGD+ mean 0.02078883788259479

IGD+ [0.02366833 0.02109548 0.02192036 0.02177314 0.0195149  0.02212589
 0.02108038 0.0185957  0.02267715 0.01945239 0.02309517 0.02130839
 0.02100891 0.02184626 0.0196491  0.0200005  0.02084418 0.02149536
 0.01776414 0.0193563  0.01829357]
IGD+ mean 0.02078883788259479

fora da sequência:
IGD+ [0.02324912 0.01973525 0.02063499 0.02128625 0.01910627 0.02024261
 0.02329543 0.02086013 0.01977686 0.02297647 0.02063905 0.02170406
 0.02148861 0.02274903 0.02157366 0.0206004  0.01935624 0.02042085
 0.02172581 0.02227919 0.02050642]
IGD+ mean 0.021152700004880093

