DTLZ3
[0.0265 0.0307 0.0396 0.0531 0.062 ]
[4 3 2 0 1]
[1 0 2 3 4]

[0.043  0.0435 0.0605 0.0967 0.1016 0.1417 0.226  0.2646 0.2807 0.2927]
[9 8 7 5 6 4 2 1 0 3]
[3 0 1 2 4 6 5 7 8 9]

[0.0444 0.0469 0.0855 0.0882 0.1385 0.1472 0.2044 0.2339 0.2363 0.254
 0.4034 0.4089 0.458  0.498  0.6063]
[14 13 12 11  9 10  8  6  7  4  3  5  0  1  2]
[ 2  1  0  5  3  4  7  6  8 10  9 11 12 13 14]

[0.049  0.0509 0.0644 0.0779 0.1505 0.1806 0.211  0.2117 0.2711 0.3425
 0.3874 0.4325 0.444  0.4848 0.4983 0.5039 0.5047 0.5138 0.5221 0.5507]
[18 19 17 16 15 12 14 13 11  9 10  8  6  7  3  1  4  2  0  5]
[ 5  0  2  4  1  3  7  6  8 10  9 11 13 14 12 15 16 17 19 18]

[0.0501 0.0514 0.0613 0.0858 0.1249 0.1833 0.2458 0.269  0.2702 0.2904
 0.3245 0.3508 0.3764 0.3879 0.4174 0.4186 0.4262 0.4282 0.4411 0.4467
 0.4574 0.4583 0.4682 0.4819 0.4961 0.4973 0.5238 0.535  0.5511 0.557 ]
[29 28 27 26 25 24 21 18 19 12 23  0 16 11 15 22 17  8 20 13 14  6  7 10
  5  1  2  3  9  4]
[ 4  9  3  2  1  5 10  7  6 14 13 20  8 17 22 15 11 16  0 23 12 19 18 21
 24 25 26 27 28 29]



